94 15
1157 3693
1063 1317
1493 2916
800 2849
1568 3562
1141 3730
2375 4442
3384 2583
558 3087
752 2663
2273 3322
1774 3054
1601 1822
2709 4606
1161 3793
389 2029
1979 3104
1586 3198
140 5210
1754 2106
1640 3249
889 3178
1154 3709
1618 3098
1477 2723
1550 3150
2265 1790
1033 1346
2701 4131
3093 4411
1646 2055
1744 3037
1893 2205
1352 2029
2419 2853
2757 3587
1689 3488
1617 3129
1820 3212
1371 3213
1954 4048
740 2769
1609 3374
627 1140
1395 2295
1038 3500
161 4385
1656 2900
1658 2809
1957 3163
1700 1234
1811 3141
816 5110
1315 3537
438 3960
683 3252
1467 3580
1607 3461
1608 3133
1084 4393
1098 2929
2624 3603
2037 2681
1327 3211
2125 2402
2686 3826
1406 3377
1896 2698
1878 2729
1334 2772
646 3734
3909 1721
2769 3191
1450 2884
1588 3201
2289 3594
1866 3996
1124 2395
1925 3593
2546 2286
438 2755
579 2077
1504 2935
1140 4108
1610 3109
2816 2989
2052 2750
1263 1196
1796 3062
3411 2207
1255 3346
1309 3588
2111 2794
1534 3040
359 20
2 -773
315 -213
-629 -532
97 -69
-392 -418
87 -384
-597 612
-13 -32
-57 49
276 292
156 55
-423 -93
202 -219
-340 -343
