2382 16
8801 6661
5748 17368
4490 12848
10935 12512
6940 9243
11052 7956
10518 8420
11562 11791
11767 10993
5662 6597
3404 10713
7945 9783
4987 18165
5615 9077
3013 18234
7548 10063
5830 15407
2351 6578
4046 16227
9155 12925
9024 14079
6077 8762
4737 10918
6479 8909
11434 13876
3485 7489
5176 15202
6132 5951
8922 13890
4976 10143
10110 11977
3534 9998
3107 12315
5911 14052
4742 6805
9092 11399
10026 13764
11690 8635
7312 8547
10452 11427
7471 12321
5846 18141
1548 11531
7442 8577
5652 10351
5867 14308
3089 7506
7716 11638
6318 14957
8480 11796
1945 14903
5817 14957
5941 7939
10081 10581
8556 10545
3611 7519
2562 5987
6836 16119
9972 11082
7951 9166
1858 15348
6208 10727
2806 10646
6745 6921
9086 11049
13872 11108
5148 13924
12704 11214
8514 7817
11196 10510
2233 11160
3431 7583
5891 16431
8484 5868
8556 18513
3227 8291
4445 11136
2263 4711
5887 11932
2506 10337
5301 12221
4636 7613
3585 14327
3372 6114
5922 9043
2603 10685
9557 7494
10062 13367
7076 11777
2950 17374
8993 15410
4036 15527
4578 6207
12607 6973
10145 14133
9769 8374
11198 11157
7169 14624
6777 10083
1555 8998
9307 3613
10782 9253
9097 10632
5739 15936
5637 12679
5494 6067
11450 5268
9139 7235
4882 11626
3312 10621
8318 11259
5357 11024
12204 16457
8156 17654
2964 9714
4514 15826
10877 9181
6425 9433
6480 18235
1995 9150
11964 8299
5434 14258
2816 9661
8136 12499
5520 16910
4801 13568
4954 15715
3873 11092
4369 12020
11322 11527
4706 16554
4022 16503
3619 10985
6002 14958
6523 16276
2986 9939
414 7520
9402 8701
2271 9762
5982 6749
3110 8470
6792 10880
1187 10547
7740 9990
6500 6936
-1317 9654
11330 9177
4706 8935
5875 6356
5985 10327
9055 16463
3581 12186
8013 11747
8142 15114
5976 7207
2358 10141
4314 14703
6994 13922
7935 12813
4825 17848
4237 12328
6407 9786
3052 12992
8994 15789
9663 15934
8704 8981
7331 7323
3195 10074
6858 10814
10737 10511
9239 12084
3382 9496
10986 15730
8432 5042
1787 11496
3656 11896
2983 9920
1392 6225
5094 9316
8525 12986
7111 15012
6326 5860
7419 18230
3866 14040
8614 11021
3257 10576
12953 10059
7142 12410
5975 13057
10195 12431
6412 8702
3118 10825
3741 14094
4329 13961
6041 13647
5080 14478
6021 9380
6931 10219
5646 13254
13535 13436
7487 8966
7893 11166
8994 11435
8370 11375
1709 9963
8292 13041
3292 14046
6406 11152
853 13390
2709 12543
8088 15454
4098 8298
5324 9276
9978 7552
9957 9263
6307 14369
2977 7931
9721 15437
9770 9969
3866 18478
5129 14225
7919 11382
4666 15115
6488 14350
9927 6171
6522 11881
3391 13163
5590 16858
7276 11947
8283 10336
2824 10662
8835 10803
11266 11734
8234 14144
4656 11594
8962 14378
13525 8842
8667 11016
3467 10948
5299 14405
5506 10499
2742 14681
10249 8024
9953 10843
3329 16232
936 16314
4965 11832
7047 9864
2020 11735
6523 16201
10454 11682
6195 7134
12016 13202
2255 16477
4439 12048
4164 9781
7221 16188
9976 12802
3084 7819
9833 13013
9648 8833
1664 17902
10077 12529
-509 9025
749 12870
2299 7802
8678 13476
5845 10000
4491 7209
6260 7312
7729 10850
2843 12288
6578 11363
4588 13295
435 13507
639 14756
6870 15384
7992 11634
4327 9358
5596 6158
6458 8462
5342 13890
3891 12930
9294 14936
5304 9820
5096 9708
6197 8732
8670 7555
8404 17784
7509 12490
7902 4754
4748 9754
11679 13118
2092 9737
1600 4914
2694 13309
7189 15026
6449 19452
8085 11609
6321 5421
11696 15250
2056 11392
6200 9476
4969 13075
9042 10351
5343 14341
10981 13285
12624 14781
5921 16305
8542 13200
1546 10653
1857 14537
14333 8350
1427 13082
5380 4791
10659 6334
11314 14507
9452 10130
8089 8058
3363 9438
6342 13680
4329 9933
3763 11309
7502 3910
13150 13287
3439 13126
4312 13059
3924 8877
4378 17145
3554 7431
3823 7812
6934 18890
7709 6414
9968 5414
13178 14069
2148 10092
7175 12190
2864 5923
7993 13730
1754 13909
4492 8592
595 14539
5865 13263
9072 13575
6624 12776
2481 13251
5227 10482
5098 12378
8579 8519
11060 14448
9391 10581
10627 10060
4620 9132
5926 11314
6010 11767
6042 15771
3022 11330
13858 9281
11875 13378
7768 11074
6188 11054
11646 11733
116 9459
-1617 14269
11565 11351
9847 9319
12096 10149
4096 9742
4881 8925
8715 14143
9312 8387
2382 10360
3825 6352
4732 8487
5160 9407
11161 9396
11701 12853
1305 7192
9342 7387
3902 12649
8198 6715
3109 11014
3323 13041
1493 13858
7101 14997
7284 14848
5611 5661
7688 12989
10199 8974
11039 11648
-1388 13339
5973 8465
13077 10479
5279 14805
3524 8773
6664 7557
4039 14455
5915 8457
11448 11063
4515 9960
8458 11286
4073 13472
4259 7683
12484 8922
6781 11767
1245 15940
3992 13175
7270 8692
8710 9683
8769 16010
4444 14308
3734 10961
9569 10692
5852 14800
4083 7372
6966 16741
10052 11799
6679 10964
7055 4205
10264 13389
12835 16470
4962 11486
2097 8199
3603 13034
4253 12208
4459 17553
2379 15118
2253 10999
6045 8950
3083 18307
10502 6072
4297 6258
8743 9667
13543 11670
4647 10656
2519 15672
3907 8209
1723 9356
1580 11717
11416 14363
2606 14320
9850 13727
7814 11070
11112 7095
6486 4210
8587 9935
7300 10463
2521 7926
1788 13776
4856 8645
2359 10555
6207 9033
3778 7145
4073 14927
1259 10006
6923 10760
2253 18859
5215 9200
8484 7833
6482 15059
7432 10335
7073 9713
6326 9544
9898 10015
4711 8127
4661 14115
7437 16966
6639 13559
10543 5802
11878 7516
7855 8537
10274 9295
7758 5760
12077 8153
8613 5189
323 14790
3432 8632
3846 11071
8605 10082
9069 13029
7231 10774
3730 6025
2411 13532
3530 11208
10544 9216
7066 11171
9911 7109
12185 8638
10540 9696
7229 10483
9064 14997
6944 5445
5471 14211
9780 10305
5448 12914
-1171 11662
8915 9756
6705 17856
6835 6773
4924 7888
8646 8447
1740 13751
3184 10950
10351 14163
7443 15583
2979 10856
7762 15137
5897 5447
11028 13939
13241 12484
5663 14178
8610 9293
11194 8141
2076 9013
763 10974
7894 13409
10904 13002
2010 11503
9844 15048
5391 5765
8208 6666
7239 5631
11023 9818
8215 13514
9430 18864
5610 14242
9048 7902
3733 11317
4408 6137
4008 13512
3111 13004
10300 13229
4194 14357
2043 11622
7219 12946
9727 10624
11908 11502
8866 8848
7443 10176
1631 12353
3706 14280
5040 11647
4380 12419
8187 13366
8955 14005
1365 7080
5519 8176
10574 12675
7514 7710
9933 13360
7659 10020
7438 13796
4426 7789
1624 13779
9068 12034
8402 11027
5158 11745
6730 12994
11322 12656
14052 12440
7364 9461
6835 15279
6551 9412
5979 10906
9882 12397
7842 11928
6711 12441
7455 15061
-189 12405
4368 13769
3835 12792
11453 7962
9285 9490
8322 9067
6054 9728
8822 7915
3747 8538
4588 6303
8110 11124
-147 9568
3007 15016
1953 14625
5102 10481
5840 12603
2692 14201
9470 17430
10713 11403
8421 8270
11842 8882
5661 18703
9050 9771
7813 7879
-1378 10241
6306 13260
7200 15143
2388 18014
10845 13447
10225 8805
5212 8035
2957 14593
5312 11568
-1065 13046
5719 10031
6167 11531
7598 11881
2200 6076
7268 13412
833 9714
1071 8344
10800 15834
9086 13373
7870 12842
4836 16581
7567 11947
3787 7812
10333 8515
7875 8932
3417 10560
3354 10218
5253 7385
4263 10483
4381 13572
8798 10755
4745 11343
6527 11399
6565 10723
-1414 10534
4403 9614
2755 9005
7196 12937
6326 17795
4522 7387
10675 11760
4217 8319
13416 11627
6362 14112
6217 8156
2281 16288
4651 13820
5907 10936
9480 12646
9012 7570
8004 11504
3947 16185
10803 13606
4115 9445
4147 8064
5371 10118
8379 8294
4115 15410
5917 15893
2620 9175
4861 13881
1975 14155
8474 14565
6725 10069
10994 16631
6794 9617
8249 11161
6426 11840
6865 8672
10037 10436
12198 11889
3484 13672
6465 7708
5542 8536
3340 8584
8265 10585
8846 14004
10464 12292
5627 16352
4252 12183
8156 13988
-1758 12645
8049 11467
3472 12729
4207 11967
12574 11974
1930 10311
4538 11462
8856 17594
5490 15557
7820 5023
11207 13303
8835 14768
9348 11780
2185 12544
7159 13998
6844 17893
8034 6896
7935 9257
9074 12236
3592 11860
4770 11576
14580 12935
8337 13653
-197 8921
6630 9993
11025 9386
9986 10707
11648 13958
2880 10283
9076 16321
7455 7315
9975 9174
11636 6035
10572 6600
2919 14109
13230 12609
7592 14921
2742 11469
8784 7592
5510 11889
10319 15301
1829 15259
6519 5141
3934 5608
6282 18021
10785 7454
10399 8123
6380 12478
8946 9824
769 8585
11764 12183
5743 10846
-144 6920
2765 12001
7945 8016
4580 10998
8993 16408
5525 11270
8281 7892
5619 14692
6631 9318
14810 9720
4742 6289
10810 12386
6506 10145
6779 7678
13304 14452
10566 10235
10973 13433
8106 17666
2678 16147
5875 9836
6374 12885
4421 16907
7337 3530
2137 9125
6946 8486
10003 10534
5260 6985
4991 8506
7361 13341
11515 15692
5213 10046
12314 14082
8692 15386
1781 9696
4861 8696
4946 10867
8951 13841
8882 6053
3048 12276
10085 13709
7627 9836
4302 9303
3200 10612
6204 6986
7269 15942
3343 11013
7400 7882
10651 10707
7154 9313
2068 11278
10209 11710
7903 10940
8155 7134
11217 8469
7154 16132
4725 13650
11105 12070
12053 12749
5727 7501
6607 8456
12677 13104
7717 11050
8268 3686
8997 13000
3996 9061
4267 8519
12283 11996
9458 13262
1183 11902
6806 7554
5347 16474
2915 11837
9640 8140
7405 6144
8530 12403
2182 10113
2957 8560
6348 14014
3098 7361
6256 11644
12271 9266
3502 4112
9901 13181
5399 16303
3510 8861
4525 17799
10344 8025
1886 13633
11825 17149
11702 7565
6738 6449
9596 9587
7141 5969
6003 9320
11130 11773
11490 13300
4247 7574
7491 15828
-78 13089
9486 9589
7306 12435
9210 13139
3135 6298
6799 10152
4067 12815
4418 11378
4853 12862
3997 12568
4069 12200
6274 11661
9688 18666
2391 6679
10533 9248
11158 7547
9074 11802
5836 6010
4494 8550
10249 14781
4122 11633
3509 8948
8127 12187
7085 5345
-688 15691
10529 9622
6328 8092
5537 7598
9363 7195
10418 14067
1735 10216
86 9654
5672 15413
3624 9948
6346 14721
9425 11351
3373 16435
8024 12528
10237 9581
4581 14880
3992 12311
7190 7866
7394 8219
2894 13636
6402 15704
5816 17573
11949 7010
6001 16420
7041 15063
868 8638
5986 14911
3216 14698
7851 11488
1532 9704
7613 6765
-906 14795
8543 6442
9548 13085
6816 10277
2832 8268
4404 8947
9504 17906
13238 12877
6845 5953
4742 14278
6166 15334
9283 13570
11050 9201
6021 8950
11784 13446
4719 13125
9094 14685
11414 14085
8416 11211
915 15612
6646 11872
5338 9479
10776 11855
9011 15667
4192 5990
4874 15153
7284 7134
4817 9200
4342 11505
5707 13190
4298 6360
10041 13425
3698 13479
5343 13816
3440 15162
3291 16477
7821 8443
4202 15846
5325 10313
9886 4491
8919 11689
6852 16532
9961 15016
5372 11228
9116 9082
5106 8748
13199 10549
11247 16795
2147 10415
2079 14939
4792 9460
11673 8482
2847 13757
2939 9902
4497 14903
7973 15119
6391 12801
6060 9824
4908 12926
9356 8645
500 12738
9022 4473
3269 16895
5789 15654
7818 9798
9600 10604
3614 10019
6632 12949
3149 10200
8749 10827
6502 5853
-138 10083
7009 15445
2446 7063
2061 8159
6586 14101
8619 7080
4144 8717
6449 12766
4000 8922
2540 5533
7714 12987
5137 11256
-1529 9975
3331 12009
7974 11969
3728 11316
6302 12610
3041 9107
4675 7775
7031 13930
7590 10366
10578 10724
11684 7051
8681 14078
5979 14808
4854 9064
8297 10899
6107 15561
12145 12715
1873 11959
7104 9722
4802 12542
615 15820
2292 15133
8952 10609
5904 11532
3212 5482
11040 14349
3664 3835
2427 16240
7029 11637
3144 8301
4301 12940
13986 13503
5031 9951
3887 16409
1953 14120
9164 12945
8015 8684
6682 12454
6561 10444
8100 10486
8629 11317
10135 13129
9476 13357
9125 12450
13491 10974
1733 4329
7899 11200
10130 11222
-132 11270
-431 11817
7435 11929
4507 15282
9166 8459
2824 15394
8787 14943
3214 17319
11666 9148
11136 10856
10015 11382
5955 6752
1957 10624
5674 12833
2004 12021
6256 9774
4251 14076
6562 13409
2548 11846
8529 10228
8121 19265
7626 7319
6497 15251
2558 8858
525 10251
5204 14141
7566 9266
7238 8161
11790 12739
6811 13537
853 17058
6641 7798
7774 10006
6326 5656
5997 14150
1256 8232
6778 9924
6393 10542
7810 15555
5312 10779
9116 13853
7185 10115
11142 6242
5750 13699
9739 7887
6551 8772
11747 14198
5761 8328
9520 9784
11101 13069
6888 9579
1837 8722
3592 9030
9029 11470
5982 6864
7549 4092
3606 7966
11507 8509
1058 15074
8173 9001
9970 10067
13346 10545
3732 5830
6403 12698
10143 16794
3402 7396
10265 13183
7694 8237
6023 8297
11457 15515
7456 11650
4777 18546
3070 5004
12576 11772
11315 10722
10610 10847
1241 7212
10986 11833
5449 9329
2797 13116
9522 16050
2279 11263
7967 14691
7121 16945
3444 12864
8655 5122
683 6145
-133 11198
2688 6652
9577 12398
9721 12385
2871 11338
9553 15479
7173 8348
1506 10581
8645 14009
4566 8323
7862 18637
9960 15142
9241 10551
8534 10547
5824 15396
3749 9603
7521 11440
10392 9216
4760 8096
4139 12347
5644 13220
4256 7994
11493 7893
5993 14108
3487 16036
6205 14390
10092 10065
5279 10189
3177 12103
8158 7464
10757 11075
4882 10232
3541 11854
9343 12002
11817 9190
12782 15484
8754 12091
10807 14045
7905 9600
4001 16740
6890 10474
8055 10630
3434 6257
-187 10839
11947 12989
2227 15976
8194 8113
8059 6099
11923 13270
7921 14385
10550 12235
5722 6680
3190 11702
3489 10123
4156 15753
6406 15974
7819 15296
11004 8503
8636 10342
9085 9114
11653 15276
7586 14849
7719 5223
6798 12737
12368 12286
6990 13215
10334 13750
7249 7897
9458 9049
9288 4354
4968 13678
3566 8587
10260 10368
7908 10919
5530 11690
2453 9589
9812 6868
10650 14273
11172 11038
7611 7624
8186 9569
4452 12642
3607 13595
11079 16394
7925 13846
7314 16853
4553 14254
4632 10447
8810 10768
4048 10409
6692 8533
10822 10221
4563 11255
2649 9037
12749 11510
2761 14525
3771 16005
6416 11899
6432 16315
5858 14122
5561 7039
6233 13871
9287 6849
1507 16393
6270 10379
7343 12007
10619 11329
12691 16399
8333 8776
11883 9051
8336 10050
3540 10028
9346 12907
3989 8440
4192 12802
1249 10141
3846 14623
7062 5013
156 11458
8237 17014
1130 9762
9516 14390
8012 5526
2049 9690
10064 12254
5748 16158
10922 7565
6424 10799
8137 5878
4481 16179
11912 7103
8405 15597
7047 14356
6600 17702
7769 15075
5882 13181
8011 6654
10154 9434
2731 9302
4643 14909
7674 15523
11823 14323
3822 17729
10688 14927
11177 10218
6305 18027
6501 12404
12270 11053
5569 13963
1500 15760
9579 11940
1965 9553
8487 13274
6887 8166
7248 11595
2083 10464
9789 10574
10125 15325
8500 8829
5953 14938
8179 10942
4252 10919
3117 10159
10717 11765
4641 12671
670 14698
4332 15486
8317 7663
8782 12030
3828 12304
7581 10323
6303 8249
7496 16697
8730 14755
4813 10852
6085 17595
2024 14136
7716 13591
8808 9591
6868 7494
10336 11879
12304 14304
1620 7533
7749 13345
8816 12278
8358 8924
779 12765
1957 13138
1810 6693
7883 13877
5755 11049
12219 13712
7182 8859
7882 8324
2584 8134
4117 6995
4699 12976
2490 12745
3177 7710
7187 8824
554 14850
11702 9786
3221 15172
10779 16245
8696 9893
8697 12761
5906 13126
12351 9498
13029 11023
1235 11689
3976 9888
2508 8878
9613 15209
2855 10178
5899 15826
2478 15839
8283 3876
10160 15529
5709 12764
7332 12804
3869 17212
5655 9485
8609 11867
6927 6691
5816 8501
8853 10417
3599 10489
3065 8264
7921 11139
5964 14573
2751 15447
7084 11361
9610 10902
8576 3740
2544 12308
6068 9006
11989 9642
6961 15763
10785 5424
7892 8263
3857 6456
7940 15128
8841 15420
12099 12384
3136 16878
5202 7908
5330 8388
6882 15551
9975 13834
958 10399
8793 8034
3339 10366
4390 14703
9922 8175
4187 7586
9117 15487
8897 13391
9926 7721
9540 12420
3235 12667
7691 6680
3485 12575
8775 7031
3983 16499
10681 15600
13096 14967
5692 14082
3434 13640
12422 7835
8592 11496
5131 9654
9330 7545
4432 11239
6489 13845
5759 7085
6304 11508
11874 16911
3632 14024
5165 10721
4343 11791
6670 9572
7172 8385
5451 13873
11479 13580
2001 11837
4307 6811
11057 6627
5160 14973
3057 11690
7583 9361
6600 10247
1688 9099
5278 17686
4773 15250
6209 14209
5126 14097
1612 15418
8181 14017
9615 11148
6307 6929
2945 14538
5335 13704
3607 7204
5045 9691
8545 16295
5218 5584
4886 5481
2446 15253
4360 12997
6536 11042
6545 3190
3022 9224
3706 13489
11721 6458
5805 5654
9456 4750
3794 12943
8073 12724
10754 11989
2497 8396
7727 9066
4799 11396
5631 10177
10654 12028
5877 10544
5080 13440
7652 14373
49 6802
8604 12732
4757 15339
10931 16717
9274 10428
5041 13746
10162 8765
9621 14089
3646 11169
3669 10045
4014 12386
3866 13618
3943 12463
4363 18212
4679 8186
9344 6918
6748 14349
11429 13457
4428 12089
8493 12036
5274 8014
13824 9703
2352 13323
4972 6939
6287 11797
7774 14751
11056 8187
7395 14591
5069 11568
304 11754
8374 8513
6301 8668
9266 12194
5266 15521
2265 13575
7104 12429
3387 6820
7042 11460
8268 12557
7360 11040
7580 9821
8025 11954
9168 7796
8435 9345
8531 15849
4113 8194
8719 13696
3769 13138
11210 8799
7751 8621
3021 7723
5507 13331
8805 12111
5686 12527
3273 9921
5119 16969
6217 16693
4648 13684
4270 6746
12834 8310
9359 9697
8746 7296
6646 16122
1768 10975
10375 6896
-680 14538
8404 9499
9968 6649
3695 18836
7709 6604
8126 15081
5822 10035
4887 11174
7047 7881
7983 8031
4863 15354
10316 10309
7488 14881
8500 14003
3231 8862
1149 10797
11576 11967
5665 13371
4221 13371
3055 8184
6222 13494
10908 14150
7816 13105
6098 6751
5686 4969
3369 6421
4604 12885
3669 13355
4794 13174
7399 6678
9326 9226
-32 8921
7714 14469
7859 10831
4036 7951
10176 12482
8946 8425
8480 8987
7660 10710
3358 9827
1620 10557
6920 10023
8795 13004
6430 14714
3526 11775
3282 8065
7063 7039
7155 8690
5965 10344
11056 9462
2101 6587
1546 15692
5665 7170
763 14350
9732 11350
10261 13915
6640 12341
10442 12934
9702 9204
7522 12385
1688 14185
1924 11299
5993 5135
8950 11794
3034 13016
6783 14943
4370 13059
11020 16315
6983 11730
3100 13503
7242 8164
3302 8192
5522 13113
11302 9116
6962 10709
356 13434
10657 11399
6252 16724
4226 9918
5110 9265
6706 9161
4188 16716
9081 7894
5445 9017
8989 9443
2641 10435
5793 11335
3027 12462
8482 14751
9979 12554
5663 13004
6864 11618
4639 16033
7658 8905
10137 13489
593 9984
8530 13901
5940 9345
14889 11789
2261 7548
10459 16504
4081 13327
8159 16325
10813 14447
4802 6789
7745 12803
10476 11796
7438 14051
12214 13633
6093 7630
12548 12271
6242 7641
6858 14184
5558 7893
8241 7205
2752 17459
763 10769
8247 5907
6968 7837
6499 8806
6167 10579
1346 11053
6519 10251
4966 12462
8111 8259
8956 7745
7008 13192
9123 13326
7407 19299
9733 15327
6805 13513
9875 11257
7760 9436
2080 13496
5891 13440
3356 10164
10597 8071
3884 17775
14173 7541
7080 8509
3226 12369
8857 10057
11305 12303
7073 17133
6393 15744
7049 15653
10066 11172
5256 13216
9899 10204
7666 9634
1709 8644
6298 4692
5359 5484
6262 10536
8129 10432
11175 7968
7046 15072
2031 11197
8331 11114
3656 6895
7216 11539
5340 10148
9513 14202
4993 8196
4049 10461
9047 7575
5546 13946
665 15271
1091 11599
5461 10311
6272 17913
4486 18595
5930 12183
7497 14328
3172 14499
7051 15829
10427 13278
556 13664
9171 12203
4255 15384
5594 9924
7751 8447
3622 11342
10401 7577
6220 9331
6790 10314
6793 11078
3903 6711
5826 6055
11771 15168
8629 11821
2820 10960
3749 16335
4243 8340
9903 12179
8871 9084
10558 11846
10681 13961
3436 11563
3873 14051
5216 8197
4514 12853
4823 7826
9557 11414
1452 11157
9056 12922
3660 6795
2860 15280
9917 11460
6276 12917
3963 15212
5273 8912
345 12542
10036 18313
4850 10598
2770 12823
2996 10781
10040 12833
4957 12809
7489 12764
3106 19032
3163 11171
7285 17145
6053 8324
10859 6803
6795 13605
155 13915
-294 8860
7589 13022
6903 11220
3925 3907
5719 12842
4307 13791
-58 6909
-21 12053
12846 13696
6185 8365
9971 18264
4368 12440
10246 14258
3077 12843
5764 12107
6635 15375
8471 13480
3389 13261
5712 10539
4750 13490
-194 13632
8568 13310
3426 15705
10022 9592
4457 9016
6972 7455
10439 12808
8297 7618
3529 13961
5737 16026
3658 9108
2827 13908
1475 5965
7716 5378
501 11254
6494 8110
7676 4805
9566 15640
2486 14254
5867 12123
8779 14814
4322 11993
5249 16544
4227 13230
4315 9072
10774 12322
7589 9552
5102 9506
5956 3955
9563 12165
5192 7239
8611 6437
7516 13603
2971 9958
6222 9830
3927 11915
9852 4878
6993 13013
3414 6842
5759 5044
8395 5074
2540 10545
5497 11489
10319 9202
1941 15248
7493 10905
10086 10548
4320 11330
6747 16231
6763 3225
9396 9221
443 6395
4980 8336
9239 17421
7051 6521
2726 12129
9592 6093
6080 4809
11749 11232
4680 10436
5295 10152
1446 10033
4296 12485
11143 8801
5503 10761
5424 9271
6144 8598
2862 12413
10057 11232
1119 10803
5565 10449
1274 14075
4649 16742
9348 9097
10335 12705
4971 11100
8997 8125
2102 11328
10133 17254
639 8095
10529 5686
2254 13449
7331 12146
454 7618
1643 12709
13347 7771
8125 10494
3760 13208
6987 9240
9660 16041
4594 15200
2446 7585
3786 12791
1903 15193
2666 11514
12017 13496
4484 6339
6656 14336
9582 12859
5376 13173
3086 7221
11528 12233
9195 8298
7456 9590
5889 17725
5266 9548
9301 17649
11033 9606
3037 8942
4199 8854
3988 12921
7262 8845
7653 4569
8835 11200
8865 7704
5403 13184
3803 19123
5947 17893
3675 15141
10314 5455
9979 13448
2911 6611
7318 12872
7556 11755
7173 9520
4041 17881
5214 9453
4998 8029
2931 13047
10008 10756
2732 7768
8386 13468
7984 11811
7175 8066
12040 16322
10574 6939
3704 13912
1445 12375
4830 11782
4050 8623
4222 15329
1747 13678
9477 13081
8446 13996
3210 12376
2536 13964
5535 10565
9132 9833
4286 7639
10790 5290
9161 13378
4672 12480
7895 11857
3178 14621
4113 8023
5944 10894
2235 12542
9558 4916
3794 9119
8728 9641
7907 10100
7900 8589
8620 10082
7660 12730
10161 14578
5278 8260
3356 12673
5263 6799
10532 8653
5574 9810
5852 12220
7325 10838
7089 4386
6238 16437
9525 7619
6840 7226
7258 15009
3981 11889
11398 4998
5012 11640
4998 16742
2706 9319
6157 7689
7438 16387
7228 9494
9703 11780
5272 6847
6778 10898
975 11801
13105 12325
12106 12047
8386 8853
6014 9646
1181 15333
11148 16260
4626 3874
8394 9588
13222 10857
1911 17244
3833 8234
4535 9645
5062 10388
11259 6604
9543 13609
10457 10417
1870 6533
1839 10130
10334 17186
5392 13550
5166 16675
5449 4285
4916 11266
872 14215
8902 7592
7083 15441
2703 17979
5156 10012
6419 10055
4936 11012
14158 10097
5178 7956
6264 8847
10608 4676
1568 10285
9574 11550
4784 7418
429 7987
8052 9989
7159 16973
7254 9376
3523 11279
10175 11621
6418 12152
8817 6669
12510 14761
6836 6942
12237 9957
4114 13373
8350 12399
9026 10449
8985 14409
4104 15556
4879 10879
11859 14430
1924 11202
10821 8740
8419 13785
6652 12297
3176 13145
4500 6549
8532 10930
7059 13197
4682 5589
1156 8965
12125 13599
13755 12362
8024 9062
1374 15863
3981 11116
8422 11509
9468 7814
2430 11643
6583 8533
7047 12307
4916 16882
8138 11467
-1626 11422
5907 11799
8736 12085
10077 13583
8777 10940
9264 8787
3155 8798
4999 8102
12331 11201
1730 8518
5834 8957
3271 13783
11758 9760
4704 10655
8220 13006
6464 12322
2634 6867
7848 12023
7160 13004
9565 11926
10404 11127
10025 11065
148 12192
3027 8604
11436 12349
3937 13284
7503 13808
10394 13096
4419 10739
-972 9066
573 17106
6144 17829
4119 8000
7869 11873
5312 12536
3193 9746
12499 12457
2705 8240
8689 10015
5433 7424
5134 8548
7587 16899
11866 9180
5484 12587
12481 12810
12722 8965
10194 14257
11789 9425
11111 12758
3552 12565
8980 16222
9845 14371
6111 5891
3589 8847
5868 8196
6965 15012
7646 12981
4038 7544
1438 12244
7899 3890
6371 8969
9958 10297
7577 16842
7724 17925
7018 5500
9149 12964
3630 8976
5821 13826
6485 9783
13902 14351
-222 8745
6434 8465
6350 10826
7454 8988
8576 14853
4108 10671
7892 13141
226 6015
4971 12913
7540 13632
3233 13432
6488 18026
6845 18145
1844 14549
11813 11525
1522 16394
9354 7438
5545 10489
7041 14034
6970 7353
4570 10977
9116 19251
5507 13079
7247 15061
3928 8631
7192 14112
4361 9610
7588 12005
9006 13661
6574 16084
10057 9763
11075 7280
7605 12195
5061 13197
8602 17180
6576 14643
3915 14020
6579 11344
6470 12696
9235 10139
6765 7632
3753 14417
12569 11476
7344 9868
9702 13179
9488 8590
10494 13417
4987 15163
9480 6161
5527 10183
7829 15066
9289 13965
12078 12474
8165 12697
11136 13259
5531 11788
4830 11152
4826 14463
6822 9360
7892 11303
6024 12046
9083 6588
8773 16121
6983 13130
10115 11548
9456 12350
1768 9840
5471 9096
1332 15877
12319 17522
8205 10328
12070 11384
5563 7182
3385 11399
4899 18293
10113 13858
5323 12128
4638 14569
580 8858
10786 9714
4197 10854
2869 10825
2886 13712
4692 14808
6889 15109
4032 12072
9616 12136
6211 6947
4033 7842
5002 8472
5241 13777
11285 14218
8207 12693
6269 8850
6026 8410
7572 6655
10623 10980
7741 8067
2167 7912
13679 8155
8775 10243
5611 9027
5515 15293
12022 7804
3706 13560
7874 8568
4788 9784
1042 11044
6301 8979
5687 12077
3074 10901
6707 17611
10351 9525
12198 9959
9432 14394
5323 5501
8086 8410
2117 13577
4425 8269
8221 10652
4839 10984
9100 9267
7337 13185
3713 15546
11529 9587
3873 14106
10973 11649
12693 12879
8333 15439
7782 13461
10167 11751
8042 15246
4117 9585
7505 7985
7568 16012
6748 6727
6396 7888
536 8357
4787 13334
3271 13232
6377 10987
2413 9869
3390 10881
4391 12153
10039 16055
7112 18503
3483 11905
4130 8059
8657 13918
8963 14801
5441 6237
10323 13402
12772 9319
2350 3856
7639 17250
4570 10743
3760 16885
2768 19159
6695 13920
8420 8654
3593 10358
13317 10559
5118 7725
4271 14120
7375 4326
9735 11988
9032 16477
2458 10704
4499 9707
4122 13990
9085 9110
6657 14188
6535 7238
5357 11019
5529 12762
6723 12130
8856 13765
6998 15050
10003 11562
7037 14566
-544 13776
5950 8120
9644 10073
4963 9060
6146 7328
4506 8390
1847 15254
11368 13863
1307 10371
11369 8083
11341 12501
8944 6959
13040 14777
7508 12103
11546 13488
5279 6276
8022 16360
11155 7700
180 9903
4579 9901
11888 14175
5303 12423
7203 15213
3974 16378
7830 14134
4743 10071
4096 13464
7356 9142
6911 11744
9955 8610
8464 9726
7134 12942
2557 14499
7971 9050
6558 8174
7361 13430
8409 13358
8205 15114
7771 8406
2377 10875
5059 15384
9728 14929
4578 11413
4361 11435
2985 13542
6982 11622
479 13414
4689 13690
4096 10566
8185 13380
3349 10401
7371 14573
3867 7984
5855 9586
9176 11807
10164 5948
6589 6242
11657 7861
4086 6736
8343 12608
7511 12018
10544 14762
11413 14658
2023 12137
7688 12500
7200 13167
6690 8397
8851 15581
7005 8241
10115 9292
1853 7525
9553 13754
4029 14206
9226 13669
4810 8525
3022 15366
4338 11870
8521 13915
9247 14023
10576 10503
5114 16000
6246 10431
7346 9280
9238 7277
9804 10516
2649 14398
3649 9180
2417 6480
8251 5150
4104 11030
6279 9987
10368 6145
5466 5495
12310 11975
4706 12095
9798 13179
2277 9164
11467 10756
1893 7341
6495 13279
13030 9907
8623 12706
8076 10317
5367 14700
7414 13043
5458 12828
7741 7372
1878 6907
7385 14297
11301 13909
8969 6716
3837 17707
5711 10492
4636 9813
11570 8534
5996 10342
10635 16415
11399 11251
8509 10268
9969 10507
2432 11923
6802 11488
4310 8912
5466 11024
4664 11164
8526 16527
9694 12538
4785 7982
9391 10712
10412 12825
11378 10021
0 0
180 570
360 1140
540 1710
360 -120
540 450
720 1020
900 1590
720 -240
900 330
1080 900
1260 1470
1080 -360
1260 210
1440 780
1620 1350
